"Gm12878.bed"	"Hepg2.bed"	"Hsmm.bed"	"K562.bed"	"Osteobl.bed"
"ENST00000484257.1"	0	0	0	0	0
"ENST00000536979.1"	0	0	0	0	0
"ENST00000516830.1"	0	0	0	0	0
"ENST00000558162.1"	0	0	0	0	0
"ENST00000495023.1"	6.821126	3.36547	7.028895	5.492404	7.844364
"ENST00000440415.1"	0	0	0	0	0
"ENST00000591133.1"	0	0	0	0	0
"ENST00000322495.3"	0	0	0	0	0
"ENST00000262367.5"	4.068683	0	6.788945	5.305938	6.561896
"ENST00000578455.1"	7.059228	3.182714	7.609847	6.582941	7.938151
"ENST00000212355.4"	7.327217	2.607852	7.550853	7.286194	7.707034
"ENST00000562202.1"	0	0	0	0	0
"ENST00000401483.2"	0	0	0	0	0
"ENST00000338624.6;ENST00000495968.1"	7.069236	1.786272	6.719458	7.733002	8.018441
"ENST00000460968.1"	7.029695	0	7.112098	7.574403	7.855233
"ENST00000522792.1"	0	0	0	0	0
"ENST00000366663.5"	6.56495	4.429939	0	7.47485	1.846993
"ENST00000422476.2"	0	0	0	0	0
"ENST00000442544.2"	0	0	0	0	0
"ENST00000504463.1;ENST00000509134.1"	8.198845	6.550553	7.44188	7.950236	8.858895
"ENST00000392250.2;ENST00000592503.1"	6.574448	0	6.369799	4.131841	7.693555
"ENST00000602927.1"	7.12675	4.718388	7.399574	7.213473	8.197733
"ENST00000420176.1;ENST00000536814.1"	7.17124	7.368619	3.279726	7.063847	7.483763
"ENST00000597202.1"	0	0	0	0	0
"ENST00000232217.2"	0	0	0	0	0
"ENST00000400018.3;ENST00000298260.4;ENST00000462482.1;ENST00000465471.1"	7.517149	6.484193	7.750412	7.247592	8.479418
"ENST00000457001.2"	0	0	0	0	0
"ENST00000548930.1"	0	0	0	0	0
"ENST00000409109.1"	6.730389	5.568719	7.461816	4.54673	7.877315
"ENST00000494783.1"	0	0	0	0	0
"ENST00000361303.3;ENST00000435606.1"	0	0	0	0	0
"ENST00000489055.2"	0	0	0	0	0
"ENST00000391282.1"	0	0	0	0	0
"ENST00000520724.1;ENST00000518844.1"	0	0	0	0	5.603762
"ENST00000514086.1"	0	0	0	0	0
"ENST00000598338.1"	0	0	0	0	0
"ENST00000399251.1"	7.199758	4.138247	7.196613	6.977478	7.408458
"ENST00000438318.1"	4.107841	0	7.408892	0	7.135896
"ENST00000520747.1"	0	0	0	0	0
"ENST00000475435.1"	0	0	2.872936	0	0
"ENST00000363515.1"	0	0	0	0	0
"ENST00000562775.1"	0	0	0	0	0
"ENST00000409439.2"	6.339818	0	7.064944	3.202012	0
"ENST00000550373.2"	1.515873	0	0	0	1.719
"ENST00000506998.1"	0	0	0	0	4.846504
"ENST00000427814.1"	0	0	0	0	0
"ENST00000541052.1"	7.293474	2.516028	7.689362	7.519863	8.308533
"ENST00000431012.1;ENST00000420251.1;ENST00000421692.1"	7.175857	7.098365	8.123327	7.505005	8.503083
"ENST00000560222.1;ENST00000558193.1;ENST00000561090.1;ENST00000561034.1;ENST00000558780.1"	5.916954	0	5.257445	2.970691	6.426536
"ENST00000480276.1"	0	0	6.353193	0	5.974044
"ENST00000431210.2"	0	0	0	0	0
"ENST00000582500.1"	0	0	0	0	0
"ENST00000393319.3"	0	0	0	0	0
"ENST00000585854.1"	3.367376	3.027355	4.989452	2.233372	7.726512
"ENST00000466359.1"	0	0	0	0	0
"ENST00000303391.6"	0	0	0	0	0
"ENST00000362104.1"	0	0	0	0	0
"ENST00000162330.5"	0	0	0	3.588178	0
"ENST00000255283.8;ENST00000381648.3;ENST00000281620.6"	0	0	0	0	0
"ENST00000463983.1"	3.293074	0.694732	6.300625	7.048589	7.600008
"ENST00000452358.1"	0	0	0	0	0
"ENST00000531542.1"	7.114404	3.637197	7.012861	7.823096	7.988926
"ENST00000433569.1"	0	0	0	0	0
"ENST00000274545.5"	0	0	0	0	0
"ENST00000363750.1"	0	0	0	0	0
"ENST00000546106.1"	7.178567	5.590185	7.404662	6.517918	7.762419
"ENST00000527124.1"	0	0	0	0	0
"ENST00000542835.1"	6.781762	0.363073	7.064428	7.594769	7.662277
"ENST00000526467.1"	0	0	0	0	0
"ENST00000541683.1"	6.219141	0	7.905055	2.400933	7.838284
"ENST00000520507.1;ENST00000519155.1"	7.379753	6.774606	7.360676	7.423214	6.859106
"ENST00000396188.2"	0	0	0	0	0
"ENST00000540190.1"	0	0	0	0	0
"ENST00000596564.1"	0	0	0	0	0
"ENST00000478754.1"	0	0	0	0	0
"ENST00000565652.1;ENST00000569482.1;ENST00000565534.1;ENST00000565683.1;ENST00000561615.1;ENST00000563622.1;ENST00000421803.2;ENST00000563441.1;ENST00000563539.1;ENST00000565784.1;ENST00000566634.1;ENST00000568374.1;ENST00000569355.1;ENST00000566256.1;ENST00000562071.1"	4.603321	2.143188	7.067163	7.068838	7.066319
"ENST00000568882.1"	0	0	0	0	0
"ENST00000463961.1"	0	0	0	0	0
"ENST00000455599.1"	0	0	0	0	0
"ENST00000511850.1"	6.09277	6.463387	5.121304	7.804681	7.848729
"ENST00000322176.7"	6.316623	0	7.141294	4.844358	7.718492
"ENST00000506010.1"	0	0	0	0	0
"ENST00000390320.2"	0	0	0	0	0
"ENST00000534006.1"	0	0	0	0	0
"ENST00000553972.1"	0	0	0	0	0
"ENST00000555266.1"	0	0	0	0	0
"ENST00000535723.1"	7.059711	3.714941	7.363415	7.384266	8.214125
"ENST00000372207.3"	0	2.074373	0	5.187895	0
"ENST00000589631.1"	0	0	0	0	0
"ENST00000478602.1"	0	0	0	0	0
"ENST00000487321.1"	0	0	0	0	0
"ENST00000343315.5;ENST00000266732.4;ENST00000393053.2;ENST00000546828.2"	6.324164	4.482316	7.534095	6.453374	6.587408
"ENST00000465432.1"	7.196398	6.381506	7.151373	7.480128	7.948884
"ENST00000456921.1"	0	0	0	0	0
"ENST00000476502.1"	0	0	0	0	0
"ENST00000354656.3"	6.532877	1.373734	7.390076	7.467708	8.231914
"ENST00000314668.9"	0	0	0	7.202466	0
"ENST00000577370.1"	0	0	0	0	0
"ENST00000520968.1"	6.828778	0	7.390768	7.96515	7.861857
"ENST00000414952.2;ENST00000566693.1"	2.926411	5.990921	5.96696	2.507262	7.642123
"ENST00000417265.1"	0	0	0	0	0
"ENST00000491798.1"	8.413479	3.275513	8.277317	6.01566	7.329364
"ENST00000565781.1"	7.722381	7.098426	7.789119	8.153864	8.181339
"ENST00000462662.1;ENST00000435296.2"	6.802985	3.145	6.969686	7.842657	7.840412
"ENST00000542851.1"	0	0	0	0	0
"ENST00000557083.1"	0	0	0	0	0
"ENST00000372070.3"	7.320863	3.152409	7.2995	6.909495	7.694112
"ENST00000573078.1;ENST00000589301.1;ENST00000301608.4"	7.145018	1.087251	7.571937	7.350358	8.101543
"ENST00000313581.4"	0	0	0	0	0
"ENST00000521398.1"	0	1.830869	5.825441	0	7.760773
"ENST00000463872.1"	0	0	0	0	0
"ENST00000249750.4"	0	0	6.789327	6.754807	0
"ENST00000558433.1"	0	0	0	0	0
"ENST00000592374.1"	6.86186	0	7.080333	4.617678	5.607629
"ENST00000410186.1"	0	0	0	0	0
"ENST00000260505.8"	6.687765	3.188597	7.16836	7.314817	7.78632
"ENST00000363383.1"	0	0	0	0	0
"ENST00000488519.1"	6.469284	0	6.337534	5.487436	0
"ENST00000477878.1;ENST00000334513.5"	6.147923	3.509972	5.890738	7.397592	4.347573
"ENST00000457667.2"	0	0	0	0	0
"ENST00000537854.1"	7.090223	2.388387	7.328912	7.326778	7.539537
"ENST00000467602.1"	0	0	0.348695	0	0.455583
"ENST00000419756.2"	2.461602	0.737858	1.930778	6.94744	7.693498
"ENST00000480324.1"	6.725789	6.048257	7.758194	7.558626	8.54578
"ENST00000447785.1;ENST00000451962.1"	0	0	2.986939	0	4.99226
"ENST00000369486.3"	0.827706	0	3.263816	6.88008	0
"ENST00000461638.1"	0	0	0	0	0
"ENST00000385057.1;ENST00000521276.1"	0	0	0	0	0
"ENST00000456729.1;ENST00000401701.1"	0	0	0	0	0
"ENST00000452276.1"	6.537567	6.418524	7.370857	7.443491	7.886823
"ENST00000411857.2"	0	0	0	0	0
"ENST00000428637.1"	0	2.720362	0	0	0
"ENST00000416014.2"	0	0	0	0	0
"ENST00000215793.7"	6.882451	4.39328	7.75208	7.272514	7.663431
"ENST00000010404.2;ENST00000536371.1"	0	6.628407	6.201121	6.671484	7.835428
"ENST00000450040.1"	0	0	0	0.830075	0
"ENST00000488947.1"	0	0	1.896078	0	1.175834
"ENST00000418316.1"	0	0	0	0	0
"ENST00000485236.2"	0	0	0	0	0
"ENST00000345988.2"	0	4.033556	0.475744	2.175871	0
"ENST00000553189.1"	0.658519	0	6.291376	0	7.508911
"ENST00000560254.1"	6.334705	0	0	0	0
"ENST00000580044.1"	0	0	0	0	0
"ENST00000507614.1"	7.099055	4.942572	7.224233	7.337641	8.164292
"ENST00000419371.2"	0	0	0	0	0
"ENST00000297158.9"	0	0	0	0	0
"ENST00000425927.1"	6.491527	4.174565	7.304203	8.287743	7.469418
"ENST00000472416.1"	0	0	0	0	0
"ENST00000539727.1"	0	0	0	0	0
"ENST00000492070.1"	0	0	2.987417	0	0
"ENST00000519478.1"	0	0	0	0	0
"ENST00000517643.1"	7.304984	3.704438	7.865814	7.972266	7.717101
"ENST00000400284.2"	0	0	0	0	0
"ENST00000467816.1"	0	0	0	0	0.426685
"ENST00000483459.1"	0	0	0	0	0
"ENST00000526860.1"	0	0	0	5.103208	0
"ENST00000587110.1"	7.132363	4.51373	6.024753	3.605185	6.13648
"ENST00000527767.2"	0	0	0	0	0
"ENST00000555753.1"	0	0	0	0	0
"ENST00000475334.1"	0	0	0	0	0
"ENST00000527430.1"	6.618814	0	7.132917	5.825946	7.949486
"ENST00000595935.1"	6.865609	0.912159	3.660539	6.888723	7.562586
"ENST00000434890.1"	0	0	0	0	0
"ENST00000585590.1"	1.721509	0	6.992429	0	5.727344
"ENST00000450303.2"	7.594624	6.579028	7.937914	8.349257	8.636848
"ENST00000365606.1"	0	0	0	0	0
"ENST00000471187.1"	0	0	0	0	0
"ENST00000584456.1"	0	0	0	0	0
"ENST00000448568.2;ENST00000537604.1"	5.923422	0	2.316295	4.844608	5.771214
"ENST00000498105.1"	0	0	0	0	0
"ENST00000491322.1"	7.004267	0	7.262938	7.272225	7.216557
"ENST00000367866.2"	6.628994	0	6.349199	3.008331	7.593857
"ENST00000408599.1"	0	0	0	0	0
"ENST00000503606.1"	0	0	0	0	0
"ENST00000443576.2"	0	0	0	0	0
"ENST00000590992.1;ENST00000588864.1"	0	0	0	0	0
"ENST00000524274.1"	0	0	0	0	0
"ENST00000394529.3;ENST00000293273.6"	6.796918	1.332343	6.050822	7.769968	7.557466
"ENST00000446833.1"	4.692568	0	4.849999	1.193877	5.221292
"ENST00000440574.1"	7.200376	4.800098	7.186688	7.060467	7.734352
"ENST00000486305.2"	0	0	0	0	0
"ENST00000558963.2"	0	0	0	0	0
"ENST00000589373.1"	0	0	0	0	0
"ENST00000566949.1"	0	0	0	0	0
"ENST00000441538.1"	0	0	0	0	5.602897
"ENST00000437318.1"	0	0	0	0	0
"ENST00000551227.1"	0	0	0	0	0
"ENST00000489429.1"	0	0	0	0	0
"ENST00000428017.1"	6.548791	0	5.387447	7.054086	7.808456
"ENST00000467144.1"	0	0	0	0	0
"ENST00000372690.3"	7.041824	5.034891	7.062037	6.933678	7.953953
"ENST00000425161.1"	7.239595	5.764282	7.301565	7.477162	7.798003
"ENST00000394616.4"	0	0	6.985259	6.919042	2.419985
"ENST00000457376.1"	0	0	0	0	0
"ENST00000274498.4"	5.807391	6.380774	7.707079	7.255568	8.234189
"ENST00000594264.1"	0	0	0	0	0
"ENST00000497003.1"	0	0	0	0	0
"ENST00000460445.1"	0	0	0	0	0
"ENST00000391893.2"	0	0	0	0	0
"ENST00000391418.2"	0	0	0	0	0
"ENST00000522823.1"	7.103605	0	0	7.300772	0
"ENST00000435649.1"	6.533435	6.118891	8.228124	7.798366	8.310903
"ENST00000580398.1"	6.848172	1.372882	7.163885	2.394947	1.395692
"ENST00000516369.1"	0	0	0	0	0
"ENST00000409537.2"	7.086002	3.173726	7.18108	0.028202	1.374398
"ENST00000412549.2"	0	0	0	0	0
"ENST00000381786.3"	0	0	0	0	0
"ENST00000559340.1"	0	0	0	0	0
"ENST00000426251.1"	0	0	0	0	0
"ENST00000265224.4"	0	0	0	1.52754	0
"ENST00000412132.1"	0.46562	0	4.452193	4.155811	7.709449
"ENST00000565306.1;ENST00000599835.1"	0	0	0	0	0
"ENST00000463040.1;ENST00000470560.1"	0	0	0	0	0
"ENST00000533785.1;ENST00000531315.1"	0	0	0	0	0
"ENST00000418675.1"	0	0	0	0	0
"ENST00000553985.1"	0	0	0	0	0
"ENST00000207549.4"	7.132003	1.354902	0	5.749711	0
"ENST00000457774.1"	0	0	0	0	0
"ENST00000458950.1"	0	0	0	0	0
"ENST00000589998.1"	4.06891	0	3.758757	6.46244	0
"ENST00000419578.1"	0	0	0	0	0
"ENST00000559774.2"	0	0	0	0	0
"ENST00000508363.1"	0	0	0	0	0
"ENST00000436605.1"	0	0	0	0	0
"ENST00000586997.1"	0	0	0	0	0
"ENST00000584874.1"	0	0	0	0	0
"ENST00000498020.1"	1.915786	0	0	0	2.443963
"ENST00000516631.1"	0	0	0	0	0
"ENST00000555642.1"	0	0	0	0	0
"ENST00000556256.1"	0	0	0	0	0
"ENST00000411175.1"	0	0	0	0	0
"ENST00000469241.2"	0	0	0	0	0
"ENST00000531969.1"	7.144324	5.15702	6.347858	7.300445	7.670489
"ENST00000406524.2"	0	0	0	0	0
"ENST00000535917.1"	0	0	0	0	0
"ENST00000412297.1"	0	0	0	0	0
"ENST00000317702.5"	4.699988	0.325568	2.399447	6.271843	4.365847
"ENST00000511328.1;ENST00000503911.1"	0	0	0	0	7.680438
"ENST00000297894.5;ENST00000489339.1"	0	6.441275	0	3.387518	0
"ENST00000435836.1"	7.109573	0	5.991488	0.724061	7.828981
"ENST00000429616.1"	0	0	0	0	0
"ENST00000393085.3"	6.876991	2.067987	6.802412	7.52849	7.938347
"ENST00000492286.1"	8.132509	4.022978	7.999053	7.366041	8.707193
"ENST00000550060.1"	7.497061	6.886712	7.282148	7.614472	8.573285
"ENST00000570065.1"	0	0	0	0	0
"ENST00000301740.8"	7.094637	6.63322	7.423501	7.366546	8.388653
"ENST00000503912.1"	0	0	0	0	0
"ENST00000405846.3"	0	0	0	0	0
"ENST00000548638.1;ENST00000451127.2"	6.317433	0	7.0628	6.941025	4.065203
"ENST00000429019.3"	0	0	4.844113	0	0
"ENST00000546490.1"	7.501442	0	8.194364	7.610403	7.293321
"ENST00000583136.1;ENST00000577971.1"	5.748104	6.51935	7.458877	7.251926	7.929989
"ENST00000359947.4"	0	2.856103	6.106689	0	3.37225
"ENST00000598997.1"	0	0	0	6.912041	0
"ENST00000457750.1"	0	0	0	0	0
"ENST00000248041.7"	0	0	0	0	0
"ENST00000243050.1;ENST00000394825.1"	6.518527	0	7.035671	7.461166	0
"ENST00000454246.1"	0	0	0	0	0
"ENST00000483261.1"	7.009119	0	3.273401	0	3.502725
"ENST00000401212.1"	0	0	0	0	0
"ENST00000366195.2"	0	0	0	0	0
"ENST00000506692.1"	6.527809	0	7.349036	5.259616	8.007533
"ENST00000585363.1"	7.258377	0	7.365101	5.206706	7.770403
"ENST00000492731.1"	0	0	0	2.750044	0
"ENST00000518111.1"	0	0	0	0	0
"ENST00000454451.1"	0	0	0	0	0
"ENST00000580380.1"	0	0	0	0	0
"ENST00000577343.1"	0	0	0	0	0
"ENST00000384433.1"	0	0	0	0	0
"ENST00000519660.1"	0	0	0	0	0
"ENST00000583286.1"	0	0	0	0	0
"ENST00000514261.1"	0	0	0	0	0
"ENST00000393562.2"	4.801532	0	6.391056	6.801035	6.551666
"ENST00000566008.1"	0	0	0	0	0
"ENST00000543940.1"	3.981395	0	6.788168	4.973534	7.883597
"ENST00000367558.5"	5.175905	0	5.877122	7.162733	7.48521
"ENST00000466987.1"	0	0	0	0	0
"ENST00000518004.1"	0	0	0	0	0
"ENST00000574974.1"	0	0	0	0	2.269242
"ENST00000418306.2;ENST00000529401.1;ENST00000531015.1"	0	0	0	0	0
"ENST00000321448.8"	7.047004	6.359333	7.200472	7.218224	8.016197
"ENST00000605404.1"	0	0	0	0	0
"ENST00000505264.1"	0	0	0	0	0
"ENST00000432584.3"	6.335283	2.338968	7.495734	5.589635	7.907058
"ENST00000566963.1"	7.726202	6.908502	7.606346	7.968625	8.454591
"ENST00000587223.1"	0	0	0	0	0
"ENST00000381139.1"	0	0	0	0	0
"ENST00000331495.3"	4.068994	0	6.092356	3.078162	0
"ENST00000533668.1;ENST00000413133.2;ENST00000397108.4"	2.213231	0.673835	7.548826	0	7.631781
"ENST00000477845.1"	0	0	0	0	0
"ENST00000589975.1"	0	0	0	0	0
"ENST00000419348.2"	5.969064	0	6.35728	7.948915	7.973323
"ENST00000501221.2"	2.287738	0	0	1.002489	0.275001
"ENST00000523003.1"	0	0	0	0	0
"ENST00000500112.1"	0	0	0	0	0
"ENST00000515606.1"	0	0	0.875666	0	0
"ENST00000557799.1"	0	0	0	3.859285	0
"ENST00000441749.1"	7.028906	0	6.808871	7.049267	7.678386
"ENST00000507038.1"	0	0	0	0	0
"ENST00000383908.1"	0	0	0	0	0
"ENST00000399702.1"	4.987699	0	2.454407	6.78469	5.978234
"ENST00000329138.4"	0	0	0	5.167799	0
"ENST00000599269.1"	0	0	4.85261	0	7.515049
"ENST00000584431.1"	0	0	0	0	0
"ENST00000542751.1"	0	0	0	0	0
"ENST00000562290.1"	0	0	0	0	0
"ENST00000514595.1"	0	0	0	0	0
"ENST00000218343.4"	2.26053	0	0.626991	1.60864	1.025656
"ENST00000248104.7"	2.546111	0	2.01416	5.348534	0
"ENST00000370284.1"	0	0	0	0	0
"ENST00000552785.1"	0	0	0	0	0
"ENST00000418938.2"	0	0	0	0	0
"ENST00000470999.1"	0	0	0	0	0
"ENST00000249700.4"	7.322353	0	7.130012	7.623207	6.554243
"ENST00000363238.1"	0	0	0	0	0
"ENST00000239165.7"	7.119958	0	7.225727	7.175396	0
"ENST00000418613.2"	0	0	0	0	0
"ENST00000426056.1"	0	0	0	0	0
"ENST00000463122.1;ENST00000438359.1"	0	0	0	0	0
"ENST00000470696.1"	0	0	0	0	0
"ENST00000510123.1"	7.021635	4.452488	7.083001	7.275256	8.073631
"ENST00000309546.3"	0	0	0	0	0
"ENST00000596118.1"	7.000063	0.837146	6.984273	6.935807	3.092527
"ENST00000461757.1"	0	0	0	0	0
"ENST00000415629.2"	0	0	0	0	0
"ENST00000455454.1"	5.917385	0	6.38596	5.773116	4.520454
"ENST00000308197.5"	7.578827	6.014752	7.535518	7.403513	8.180091
"ENST00000459019.1"	0	0	0	0	0
"ENST00000415934.1"	0	0	0	0	0
"ENST00000566858.1"	0	0	0	0	0
"ENST00000537743.1"	2.349711	0	0	0	0
"ENSTR0000381297.4"	0	0	0	0	0
"ENST00000344255.3;ENST00000485728.1"	0	0	0	0	0
"ENST00000478174.1"	0	0	0	0	0
"ENST00000442558.1"	0	0	0	0	0
"ENST00000371894.4"	0	0	0	0	0
"ENST00000364703.1"	0	0	0	0	0
"ENST00000305557.5;ENST00000464094.2"	7.029695	0	7.112098	7.574403	7.855233
"ENST00000479415.1"	0	0	0	0	0
"ENST00000590861.1"	0	0	0	0	0
"ENST00000365547.1"	0	0	0	0	0
"ENST00000399126.1;ENST00000399132.1"	0	0	7.42511	0	7.486839
"ENST00000516276.1"	0	0	0	0	0
"ENST00000358864.1"	0	0	0	0	0
"ENST00000525033.1"	0	0	0	0	0
"ENST00000381563.4;ENST00000344578.4"	0	0	0	0	0
"ENST00000554049.1"	0	0	0	0	0
"ENST00000575471.1"	0	0	0	0	0
"ENST00000419940.1"	0	0	0	0	0
"ENST00000537645.1"	5.911599	3.072344	7.143254	7.461634	7.889467
"ENST00000533014.1"	0	0	0	2.827289	0
"ENST00000602569.1"	5.469114	0	5.163376	3.109656	7.660172
"ENST00000553030.1"	0	0	0	0	0
"ENST00000380859.1"	0	0	0	0.812373	1.571105
"ENST00000543998.1"	0	0	0	0	0
"ENST00000525147.1"	0	0	0	0	0
"ENST00000436922.1;ENST00000444919.1"	7.437172	6.9352	7.589833	6.892804	8.36859
"ENST00000327956.6"	0	0	0	0	0
"ENST00000446358.1"	0	0	0	0	0
"ENST00000530625.1"	7.229425	6.525921	7.31208	8.181933	8.243372
"ENST00000510908.1"	0.219481	0	0	0	0
"ENST00000375774.3"	6.042834	0	5.975533	0.885601	7.347283
"ENST00000465657.1"	0.536739	0	0	3.159905	0
"ENST00000566841.1"	0	0	0	0	0
"ENST00000487950.1;ENST00000479516.1;ENST00000469316.1"	7.108784	4.234897	7.457467	7.741377	8.011708
"ENST00000510405.1"	0	0	0	0	0
"ENST00000300527.4"	0	0	6.020167	0	0
"ENST00000523926.1"	0	0	0	0	0
"ENST00000309971.4"	6.96681	6.528791	7.328637	7.398308	7.963412
"ENST00000294016.3"	0.561337	0	7.405168	6.863936	0
"ENST00000219919.4"	0	0	0	2.873633	0
"ENST00000565843.1"	6.964388	3.95878	7.527396	6.783939	7.496748
"ENST00000420706.1"	7.063719	1.407383	7.287006	7.770836	8.67223
"ENST00000450060.1"	3.781832	0	7.347059	7.653983	8.082371
"ENST00000471275.1"	0	0	0	0	0
"ENST00000441150.1"	0	0	0	0	0
"ENST00000517035.1"	0	0	0	0	0
"ENST00000379245.4"	6.857189	0	3.362689	0	6.164007
"ENST00000450451.1"	0	0	0	0	0
"ENST00000518082.1"	0	0	0	0	0
"ENST00000303941.3"	0	0	0	0	0
"ENST00000584046.1"	0	0	0	0	0
"ENST00000496512.1"	0	0	0	0	0
"ENST00000481537.1"	0	0	0	0	0
"ENST00000476794.1"	0	0	0	0	0
"ENST00000526222.1"	7.312035	0	7.263575	7.276321	7.857238
"ENST00000382070.3"	4.068683	0	0	0	0
"ENST00000402364.1"	5.42354	1.037728	5.477702	6.529815	1.391702
"ENST00000557090.1"	0	0	0	0	0
"ENST00000471792.2"	7.211147	7.187495	7.489698	7.758261	7.925207
"ENST00000421221.1"	0	0	0	0	0
"ENST00000265174.4"	7.32039	2.582809	6.752291	7.605576	5.454271
"ENST00000408809.1"	0	0	0	0	0
"ENST00000604397.1"	0	0	0	0	0
"ENST00000234313.7"	4.732007	0	0	0.390626	0
"ENST00000450285.1;ENST00000433464.1;ENST00000458466.1"	6.195821	2.047589	7.201795	7.061371	7.801829
"ENST00000502716.1;ENST00000503511.1"	0	0	0	0	0
"ENST00000525882.1"	0	0	0	0	0
"ENST00000413551.1"	0	0	0	0	0
"ENST00000508980.1"	0	0	0	0	0
"ENST00000557828.1"	0	0	0	0	2.271812
"ENST00000362861.1"	0	0	0	0	0
"ENST00000370958.1"	0	0	6.61132	5.725768	2.485927
"ENST00000412584.2"	5.541278	6.466346	7.32294	2.504604	8.185197
"ENST00000549512.1"	0	0	0	0	0
"ENST00000581852.1"	0	0	0	0	0
"ENST00000421923.1;ENST00000431208.1"	0	0	0	0	0
"ENST00000426182.2"	0	0	0	4.91294	0
"ENST00000510230.1"	0	0	0	0	0
"ENST00000513121.1;ENST00000504045.1;ENST00000504311.1;ENST00000502499.1;ENST00000510056.1;ENST00000511249.1;ENST00000507860.1;ENST00000509918.1;ENST00000503811.1;ENST00000511978.1"	6.496396	0	6.379535	7.272216	7.927654
"ENST00000482260.1"	0	0	0	0	0
"ENST00000539490.1"	2.308558	0	0	0	0
"ENST00000498371.1"	1.613566	0	0	0	0
"ENST00000502487.1"	7.016354	0	7.049516	6.323149	7.774757
"ENST00000522111.2"	5.869884	0	7.291163	7.083528	1.606908
"ENST00000505443.1"	0	0	0	4.670762	0
"ENST00000530374.1"	0	0	1.522563	0	0
"ENST00000444985.2"	0	0	0	0	0
"ENST00000510045.1;ENST00000504857.1"	0	0	0	0	0
"ENST00000369501.2"	6.45221	0	4.111495	0	0
"ENST00000555912.1"	0	0	0	0	0
"ENST00000542027.3"	0	0	0	0	0
"ENST00000459287.1"	0	0	0	0	0
"ENST00000259727.4"	5.900844	0	7.478613	7.828585	7.899577
"ENST00000514464.1;ENST00000513780.1;ENST00000445823.2;ENST00000428381.2"	1.884835	4.080947	7.068946	0	8.059954
"ENST00000390457.2"	0	0	0	0	0
"ENST00000498809.1"	0	0	0	0	0
"ENST00000572022.1;ENST00000380173.2"	0	0	0	0	0
"ENST00000584777.1"	0	0	0	0	0
"ENST00000478127.2"	0	0	0	0	0
"ENST00000497179.1"	0	0	0	0	0
"ENST00000395609.1;ENST00000562058.1"	0.852055	0	4.573989	0	3.380996
"ENST00000557055.1"	0.25273	4.230805	7.16557	6.240973	1.058612
"ENST00000367537.3"	8.119936	5.046508	9.032638	8.611042	0
"ENST00000343694.3;ENST00000372741.3;ENST00000372743.1"	0	0	0	0.021893	0
"ENST00000445911.1"	6.740573	3.151028	7.172449	7.320143	8.763692
"ENST00000527344.1"	5.087804	0	6.803793	6.046687	1.140337
"ENST00000392433.3"	5.489971	0	6.78607	6.935587	7.629162
"ENST00000584851.1;ENST00000592276.1"	0	0	0	0	0
"ENST00000570752.1"	0	0	0	0	0
"ENST00000549750.1;ENST00000551043.1"	6.846859	4.139239	7.157826	7.466971	8.454394
"ENST00000451519.1"	2.035473	0	4.142878	4.099074	0
"ENST00000510252.1"	0	0	0	0	0.914723
"ENST00000395688.3;ENST00000504112.1;ENST00000506667.1"	0	0	0	0	0
"ENST00000517318.1"	0	0	0	0	0
"ENST00000412342.1;ENST00000415409.1"	4.886295	4.880127	7.029812	7.422565	7.04729
"ENST00000464167.1"	6.999505	1.580486	5.248346	7.197677	7.965444
"ENST00000551593.1"	0	0	0	0	0
"ENST00000377572.1;ENST00000377574.1"	0	0	0	0	0
"ENST00000422718.1"	0	0	0	0	0
"ENST00000471797.1"	0	0	0	0	0
"ENST00000473002.1"	0	0	0	0	0
"ENST00000398425.3;ENST00000468128.1;ENST00000487502.1;ENST00000432543.2"	7.067949	2.272843	6.49691	6.86689	7.779711
"ENST00000319144.4"	0	0	0	0	0
"ENST00000541092.1"	0	0	0	0	0
"ENST00000472912.1"	7.091392	0	4.234065	6.809253	0
"ENST00000368346.3"	6.562471	0.449514	7.790309	7.406951	7.905521
"ENST00000375003.2"	0	0	0	0	0
"ENST00000496517.1"	0	0	0	0	0
"ENST00000478929.1"	0	0	0	0	0
"ENST00000382398.3"	0	0	0	0	0
"ENST00000487121.1;ENST00000409207.1"	5.522267	4.384844	5.79629	6.849682	5.602313
"ENST00000542057.1"	0	0	0	0	0
"ENST00000409595.2"	0	0	0	0	0
"ENST00000573360.1"	0	0	0	0	0
"ENST00000462055.1;ENST00000481074.1"	6.794579	5.35935	5.253515	7.522781	7.84621
"ENST00000445684.1"	7.653474	1.654234	7.395648	3.293215	0
"ENST00000425769.1"	0	0	0	0	0
"ENST00000495298.1"	0	0	0	0	0
"ENST00000368308.3;ENST00000461599.1"	0	0	0	0	0
"ENST00000515710.1"	0	0	0	0	0
"ENST00000421496.1;ENST00000428479.3;ENST00000465637.1;ENST00000481541.1"	7.030711	4.961219	6.137068	7.225384	8.214783
"ENST00000495878.1"	0	0	0	0	0
"ENST00000543375.1"	1.463429	0	0	0	0
"ENST00000520355.1"	0	0	0	0	0
"ENST00000363227.1"	0	0	0	0	0
"ENST00000316375.2"	0	0	0	0	0
"ENST00000345847.4"	0	0	0	0	0
"ENST00000281631.5"	5.546964	2.779242	7.28862	0	8.086523
"ENST00000568196.1"	0	0	0	0	0
"ENST00000433933.1"	0	0	0	6.251074	2.612589
"ENST00000554565.1"	7.045863	6.498919	5.876395	7.055349	7.747389
"ENST00000541847.1"	0	4.83033	0	6.927298	1.965617
"ENST00000391807.1"	0	0	0	0	0
"ENST00000557744.1"	0	0	0	0	0
"ENST00000328264.3"	0	0	0	7.064305	0
"ENST00000381971.3;ENST00000465708.1;ENST00000477901.1"	6.500705	2.071815	7.582376	0	7.679955
"ENST00000516321.1"	0	0	0	0	0
"ENST00000493836.1"	0	0	0	0	0
"ENST00000221399.3"	0	0	0	4.064134	0
"ENST00000583935.1"	0	0	0	0	0
"ENST00000521779.1;ENST00000521401.1"	0	0	0	0	0
"ENST00000457665.1"	0	0	0.973214	0	0
"ENST00000564133.1"	0	0	0	0	0
"ENST00000354995.3"	0	0	0	0	0
"ENST00000519326.1"	1.394687	0	0	0	0
"ENST00000522809.1"	0	0	0	0	0
"ENST00000355472.5"	0	0	0	0	0
"ENST00000370803.3"	3.251879	0	6.784177	5.813427	5.69763
"ENST00000584370.1"	0	0	0	0	0
